- POSITION: [0, -2, 0]
  LIFETIMEMIN: 2
  LIFETIMEMAX: 3
  SPEEDMIN: 0.1
  SPEEDMAX: 0.4
  SIZEMIN: [0.2, 0.2]
  SIZEMAX: [0.3, 0.3]
  SIZEEND: [0.15, 0.15]
  COLOR: [0.411765, 0.866667, 0.992157, 1]
  COLOREND: [0.992157, 0.992157, 0.992157, 0.505882]
  GRAVITY: [0, 0.6, 0]
  DIRECTION: [0, 7, 0]
  SPREAD: 2.1293
  SPAWNTIME: 0.05
  ORBITSPEED: 1
  ORBITRADIUS: 0.5
  TEMPLATE: 0
  TEXTURE: smoke
  EFFECT: Particle/Particle
  NAME: AbilitySpawn