- POSITION: [0, 0, 0]
  LIFETIMEMIN: 2
  LIFETIMEMAX: 3
  SPEEDMIN: 0.1
  SPEEDMAX: 0.4
  SIZEMIN: [0.05, 0.05]
  SIZEMAX: [0.09, 0.09]
  SIZEEND: [0, 0]
  COLOR: [0.411765, 0.870588, 0.996078, 1]
  COLOREND: [0.996078, 0.996078, 0.996078, 1]
  GRAVITY: [0, 0.6, 0]
  DIRECTION: [0, 7, 0]
  SPREAD: 2.1293
  SPAWNTIME: 0.05
  ORBITSPEED: 1
  ORBITRADIUS: 0.5
  TEMPLATE: 0
  TEXTURE: Leaf
  EFFECT: Particle/Particle
  NAME: AbilitySpawn